             -35884.4572136406
          0.000003155      -0.000000449      -0.000000001
         -0.000000449       0.000002555      -0.000000000
         -0.000000001      -0.000000000       0.000005609
         169
  1    34       0.001502922      -0.008141073      -0.000869536  Se
  1    34       0.007925501       0.002544997      -0.000870130  Se
  1    34      -0.008436239       0.004687681      -0.000860032  Se
  2    23      -0.000957218       0.001043600      -0.001605400  V
  1    34       0.001493907      -0.007321148       0.000272124  Se
  1    34       0.007222009       0.002132617       0.000165066  Se
  1    34      -0.007724657       0.004303385       0.000203212  Se
  2    23      -0.000966221       0.001044682      -0.000197820  V
  1    34       0.001469848      -0.007297812       0.000163198  Se
  1    34       0.007226149       0.002104543      -0.000086578  Se
  1    34      -0.007686923       0.004297888       0.000013394  Se
  2    23      -0.000974377       0.001029020       0.000083762  V
  1    34       0.001464093      -0.007238247       0.000222212  Se
  1    34       0.007212439       0.002056472      -0.000031625  Se
  1    34      -0.007670319       0.004305714       0.000082596  Se
  2    23      -0.000975630       0.001023319      -0.000078288  V
  1    34       0.001450463      -0.007246491       0.000186262  Se
  1    34       0.007230067       0.002032753       0.000027739  Se
  1    34      -0.007662586       0.004315454       0.000086634  Se
  2    23      -0.000974359       0.001029463       0.000131639  V
  1    34       0.001450837      -0.007189692      -0.000065288  Se
  1    34       0.007195320       0.001978240      -0.000061365  Se
  1    34      -0.007615336       0.004305276      -0.000055277  Se
  2    23      -0.000966846       0.001022213      -0.000315515  V
  1    34       0.001441912      -0.007200547       0.000155874  Se
  1    34       0.007195811       0.002001693       0.000315826  Se
  1    34      -0.007622277       0.004300833       0.000241787  Se
  2    23      -0.000979310       0.001023377      -0.000244105  V
  1    34       0.001454441      -0.007209427      -0.000371654  Se
  1    34       0.007179110       0.002050471      -0.000114184  Se
  1    34      -0.007634865       0.004286950      -0.000221517  Se
  2    23      -0.000969257       0.001025795       0.000161346  V
  1    34       0.001487852      -0.007235259      -0.000094724  Se
  1    34       0.007171507       0.002072852       0.000152339  Se
  1    34      -0.007644615       0.004262967       0.000049065  Se
  2    23      -0.000969556       0.001048860      -0.000138566  V
  1    34       0.001485366      -0.007361892      -0.000299340  Se
  1    34       0.007253020       0.002158138      -0.000193670  Se
  1    34      -0.007752727       0.004322907      -0.000230389  Se
  2    23      -0.000960128       0.001046665       0.000987766  V
  1    34       0.001511152      -0.007362304      -0.000581896  Se
  1    34       0.007272831       0.002126529      -0.000577324  Se
  1    34      -0.007784673       0.004321634      -0.000576227  Se
  2    23      -0.000948712       0.001038404       0.000494759  V
  1    34       0.001501662      -0.007508254       0.000092994  Se
  1    34       0.007388434       0.002225240      -0.000015408  Se
  1    34      -0.007890572       0.004392726      -0.000036823  Se
  2    23      -0.000996658       0.001061472       0.000922316  V
  1    34       0.001497924      -0.007564095      -0.000627578  Se
  1    34       0.007456357       0.002237523      -0.000875299  Se
  1    34      -0.007935506       0.004425682      -0.000774136  Se
  2    23      -0.001000154       0.001036753       0.000585512  V
  1    34       0.001486804      -0.007511302       0.000798781  Se
  1    34       0.007466436       0.002166638       0.000530432  Se
  1    34      -0.007927203       0.004460741       0.000676288  Se
  2    23      -0.000999782       0.001041939      -0.001779817  V
  1    34       0.001413754      -0.007528777       0.000865599  Se
  1    34       0.007463340       0.002182443       0.000717495  Se
  1    34      -0.007886783       0.004468128       0.000872961  Se
  2    23      -0.000888248       0.000996332      -0.001477582  V
  1    34       0.001390052      -0.006956516       0.001111178  Se
  1    34       0.006971814       0.001924182       0.001162838  Se
  1    34      -0.007413352       0.004180576       0.001180394  Se
  2    23      -0.000867619       0.000947957      -0.001219407  V
  1    34       0.001317018      -0.006013004       0.000181716  Se
  1    34       0.006046666       0.001561034       0.000368041  Se
  1    34      -0.006344801       0.003570651       0.000233008  Se
  2    23      -0.001403985       0.001269618       0.013532595  V
  1    34       0.000868147      -0.002833278      -0.014895376  Se
  1    34       0.002976473       0.000452857      -0.014695144  Se
  1    34      -0.003472470       0.001991703      -0.014911814  Se
  2    23       0.000562133      -0.000423556       0.015086244  V
  1    34      -0.000913979      -0.004049779      -0.006883702  Se
  1    34       0.002940749       0.002786051      -0.007000386  Se
  1    34      -0.003801403       0.002551933      -0.005999191  Se
  2    23       0.002186109      -0.001662271      -0.009928865  V
  1    34       0.000251135      -0.021860387      -0.002616688  Se
  1    34       0.019523849       0.010774046      -0.003603603  Se
  1    34      -0.020067677       0.011490514      -0.002628466  Se
  2    23       0.007787344      -0.005198570      -0.015137234  V
  1    34      -0.004915323       0.024673187       0.095680416  Se
  1    34      -0.022936092      -0.007538986       0.095366114  Se
  1    34       0.009913406      -0.005201884       0.072654400  Se
  1    34      -0.004793478       0.024869043      -0.096084950  Se
  1    34      -0.023052908      -0.007632946      -0.095583360  Se
  1    34       0.010097567      -0.005195401      -0.073120540  Se
  2    23       0.007819911      -0.005288254       0.015258671  V
  1    34       0.000221824      -0.021850028       0.002629350  Se
  1    34       0.019500654       0.010800299       0.003629046  Se
  1    34      -0.020055327       0.011482225       0.002667563  Se
  2    23       0.002141233      -0.001682477       0.010107891  V
  1    34      -0.000899834      -0.003867536       0.006133302  Se
  1    34       0.002787281       0.002732380       0.006181688  Se
  1    34      -0.003618965       0.002415749       0.005238568  Se
  2    23       0.000652783      -0.000449115      -0.017048469  V
  3     1       0.003986654      -0.003958823      -0.076551458  H
  3     1       0.005114442      -0.001621879      -0.075965879  H
  3     1       0.000771593      -0.001136554      -0.057013052  H
  3     1       0.003854562      -0.003932041       0.076905753  H
  3     1       0.005083064      -0.001620387       0.076141723  H
  3     1       0.000755915      -0.001188367       0.057434677  H
  1    34       0.000838535      -0.001961944       0.015774575  Se
  1    34       0.002258365      -0.000016868       0.015730171  Se
  1    34      -0.002820177       0.001643848       0.015864725  Se
  2    23      -0.001378758       0.001253034      -0.012308995  V
  1    34       0.001318946      -0.006058425      -0.000411453  Se
  1    34       0.006092520       0.001573376      -0.000401987  Se
  1    34      -0.006388626       0.003609015      -0.000372926  Se
  2    23      -0.000859612       0.000947967       0.001222894  V
  1    34       0.001397960      -0.007014044      -0.001259959  Se
  1    34       0.007005010       0.001974453      -0.001121158  Se
  1    34      -0.007458232       0.004193019      -0.001230845  Se
  2    23      -0.000893954       0.000995727       0.001373431  V
  1    34       0.001426593      -0.007561691      -0.000833434  Se
  1    34       0.007464261       0.002246437      -0.000587515  Se
  1    34      -0.007909731       0.004459945      -0.000791528  Se
  2    23      -0.001001061       0.001053042       0.001702866  V
  1    34       0.001501591      -0.007580374      -0.000793976  Se
  1    34       0.007480487       0.002222692      -0.000554442  Se
  1    34      -0.007951092       0.004450804      -0.000655743  Se
  2    23      -0.000987898       0.001058302      -0.000532881  V
  1    34       0.001514636      -0.007589213       0.000713555  Se
  1    34       0.007457934       0.002261770       0.000795468  Se
  1    34      -0.007976352       0.004432906       0.000781127  Se
  2    23      -0.000978150       0.001054807      -0.000821579  V
  1    34       0.001502452      -0.007519090      -0.000018497  Se
  1    34       0.007395605       0.002229718      -0.000059714  Se
  1    34      -0.007905847       0.004384028       0.000012187  Se
  2    23      -0.000941253       0.001034156      -0.000332644  V
  1    34       0.001503143      -0.007339801       0.000625762  Se
  1    34       0.007263127       0.002116199       0.000512797  Se
  1    34      -0.007754978       0.004325336       0.000559288  Se
  2    23      -0.000971785       0.001048825      -0.000875255  V
  1    34       0.001465797      -0.007323872       0.000352765  Se
  1    34       0.007255115       0.002126859       0.000104088  Se
  1    34      -0.007707202       0.004316743       0.000213757  Se
  2    23      -0.000983170       0.001027814       0.000201244  V
  1    34       0.001476665      -0.007179924       0.000061076  Se
  1    34       0.007168092       0.002015016      -0.000146218  Se
  1    34      -0.007625950       0.004279961      -0.000051855  Se
  2    23      -0.000971749       0.001017238      -0.000189390  V
  1    34       0.001449434      -0.007200126       0.000352413  Se
  1    34       0.007191237       0.002002706       0.000224390  Se
  1    34      -0.007617350       0.004296539       0.000271046  Se
  2    23      -0.000983931       0.001034472       0.000065559  V
  1    34       0.001441645      -0.007187097      -0.000267431  Se
  1    34       0.007197744       0.001988829      -0.000224484  Se
  1    34      -0.007615038       0.004310259      -0.000228779  Se
  2    23      -0.000957177       0.001021602       0.000069485  V
  1    34       0.001457802      -0.007198164      -0.000003990  Se
  1    34       0.007189178       0.002002635       0.000178969  Se
  1    34      -0.007621040       0.004293801       0.000078087  Se
  2    23      -0.000977910       0.001030808      -0.000243208  V
  1    34       0.001460976      -0.007267070      -0.000235787  Se
  1    34       0.007219120       0.002091420       0.000020635  Se
  1    34      -0.007672026       0.004300797      -0.000085509  Se
  2    23      -0.000975245       0.001035480       0.000172513  V
  1    34       0.001482212      -0.007309181      -0.000264223  Se
  1    34       0.007227943       0.002111390      -0.000035842  Se
  1    34      -0.007698315       0.004297279      -0.000110963  Se
  2    23      -0.000962799       0.001049019      -0.000153566  V
  1    34       0.001487032      -0.007393757      -0.000003799  Se
  1    34       0.007289465       0.002165859       0.000079171  Se
  1    34      -0.007789613       0.004340856       0.000067962  Se
  2    23      -0.000956754       0.001045552      -0.000119040  V
  1    34       0.001499267      -0.007510586       0.000651535  Se
  1    34       0.007388430       0.002221550       0.000608278  Se
  1    34      -0.007904905       0.004388624       0.000636430  Se
  2    23      -0.000949543       0.001039233       0.002176560  V
