             -38303.0963852937
          0.000002999      -0.000000408      -0.000000001
         -0.000000408       0.000002456      -0.000000001
         -0.000000001      -0.000000001       0.000004639
         180
  1    34       0.001509464      -0.008110692      -0.000872159  Se
  1    34       0.007902716       0.002526136      -0.000872732  Se
  1    34      -0.008412730       0.004672168      -0.000862513  Se
  2    23      -0.000965056       0.001048466      -0.001576598  V
  1    34       0.001499598      -0.007285306       0.000236984  Se
  1    34       0.007194957       0.002108521       0.000130151  Se
  1    34      -0.007696599       0.004286801       0.000170192  Se
  2    23      -0.000971865       0.001048864      -0.000171355  V
  1    34       0.001476423      -0.007262979       0.000193252  Se
  1    34       0.007200645       0.002080251      -0.000057392  Se
  1    34      -0.007660109       0.004281733       0.000040403  Se
  2    23      -0.000981088       0.001033551       0.000038187  V
  1    34       0.001467970      -0.007216814       0.000201123  Se
  1    34       0.007196576       0.002043781      -0.000052524  Se
  1    34      -0.007653168       0.004294503       0.000060543  Se
  2    23      -0.000983672       0.001028493       0.000045501  V
  1    34       0.001458239      -0.007207786       0.000132432  Se
  1    34       0.007203558       0.002003568      -0.000025220  Se
  1    34      -0.007634017       0.004299169       0.000034534  Se
  2    23      -0.000980783       0.001033403       0.000038731  V
  1    34       0.001456861      -0.007171621       0.000047358  Se
  1    34       0.007181801       0.001965015       0.000049789  Se
  1    34      -0.007602145       0.004296301       0.000052669  Se
  2    23      -0.000979430       0.001030037      -0.000278268  V
  1    34       0.001450820      -0.007172978       0.000004532  Se
  1    34       0.007175219       0.001984463       0.000164920  Se
  1    34      -0.007602383       0.004286004       0.000102402  Se
  2    23      -0.000979601       0.001024058      -0.000191709  V
  1    34       0.001459774      -0.007169577      -0.000212542  Se
  1    34       0.007152328       0.002019396       0.000044307  Se
  1    34      -0.007605642       0.004272316      -0.000071533  Se
  2    23      -0.000974346       0.001030906      -0.000058253  V
  1    34       0.001481610      -0.007229770      -0.000151828  Se
  1    34       0.007166090       0.002072432       0.000097763  Se
  1    34      -0.007631633       0.004257064      -0.000009984  Se
  2    23      -0.000977143       0.001053735       0.000118653  V
  1    34       0.001503966      -0.007301199      -0.000352659  Se
  1    34       0.007207900       0.002119650      -0.000244959  Se
  1    34      -0.007714450       0.004293011      -0.000280730  Se
  2    23      -0.000973624       0.001051825       0.000683818  V
  1    34       0.001514648      -0.007357248      -0.000358244  Se
  1    34       0.007265885       0.002122152      -0.000358944  Se
  1    34      -0.007775496       0.004316887      -0.000353025  Se
  2    23      -0.000968204       0.001049091       0.000670219  V
  1    34       0.001507474      -0.007465475      -0.000253088  Se
  1    34       0.007361059       0.002189426      -0.000365476  Se
  1    34      -0.007860891       0.004382681      -0.000349051  Se
  2    23      -0.000973355       0.001052474       0.000999402  V
  1    34       0.001496251      -0.007524228      -0.000278057  Se
  1    34       0.007425108       0.002215361      -0.000524241  Se
  1    34      -0.007903711       0.004403994      -0.000460512  Se
  2    23      -0.000984449       0.001038763       0.000292801  V
  1    34       0.001471235      -0.007538106       0.000530774  Se
  1    34       0.007482253       0.002203314       0.000279438  Se
  1    34      -0.007931661       0.004452143       0.000381774  Se
  2    23      -0.001023719       0.001053712      -0.001071824  V
  1    34       0.001437708      -0.007448639       0.000799891  Se
  1    34       0.007402884       0.002122259       0.000651117  Se
  1    34      -0.007847039       0.004438809       0.000816726  Se
  2    23      -0.000969862       0.001018386      -0.001903189  V
  1    34       0.001421332      -0.007007492       0.001280490  Se
  1    34       0.007027106       0.001922773       0.001290314  Se
  1    34      -0.007401219       0.004189047       0.001421065  Se
  2    23      -0.000892602       0.000958253      -0.000007935  V
  1    34       0.001271166      -0.005994119      -0.000763698  Se
  1    34       0.006023286       0.001563790      -0.000608522  Se
  1    34      -0.006417583       0.003631854      -0.000652255  Se
  2    23      -0.001144175       0.001202772       0.013033599  V
  1    34       0.000652618      -0.003386488      -0.013432004  Se
  1    34       0.003404195       0.000910990      -0.013119055  Se
  1    34      -0.003614358       0.002032182      -0.013106613  Se
  2    23       0.000060597      -0.000127758       0.015025979  V
  1    34      -0.000073299      -0.001181701      -0.001760983  Se
  1    34       0.000919892       0.000703826      -0.001814980  Se
  1    34      -0.001179613       0.000856147      -0.002174034  Se
  2    23       0.000023975      -0.000081592       0.002792443  V
  1    34       0.000194649      -0.000268150       0.000101116  Se
  1    34       0.000498386      -0.000217073      -0.000179791  Se
  1    34      -0.000081503       0.000065340      -0.000211041  Se
  2    23       0.000202969      -0.000123183       0.000086569  V
  1    34      -0.000081815       0.000041411       0.000151451  Se
  1    34       0.000074732      -0.000145126       0.000135410  Se
  1    34      -0.000036074       0.000088543      -0.000218257  Se
  1    34       0.000129206       0.000129583       0.000170783  Se
  1    34      -0.000092291      -0.000188912       0.000124756  Se
  1    34      -0.000058146       0.000117522      -0.000640072  Se
  3    72      -0.000046840       0.000052259       0.000036622  Hf
  1    34      -0.000636193       0.000031022      -0.000054283  Se
  1    34      -0.000571300       0.000594651      -0.000046577  Se
  1    34      -0.000411045      -0.000028455       0.000005649  Se
  3    72      -0.000020900       0.000022924      -0.000021932  Hf
  1    34       0.000156904       0.000127347      -0.000095673  Se
  1    34      -0.000103540      -0.000191643      -0.000049066  Se
  1    34      -0.000084667       0.000067022       0.000791164  Se
  1    34      -0.000073112      -0.000015932      -0.000039183  Se
  1    34       0.000075515      -0.000114910      -0.000145921  Se
  1    34      -0.000054204       0.000091413       0.000215076  Se
  2    23       0.000157534      -0.000151260      -0.000038613  V
  1    34       0.000193886      -0.000153311      -0.000003712  Se
  1    34       0.000404193      -0.000254342       0.000216215  Se
  1    34       0.000081533      -0.000028129       0.000298459  Se
  2    23      -0.000054927      -0.000043064      -0.002781923  V
  1    34      -0.000076533      -0.000944325       0.000989002  Se
  1    34       0.000766784       0.000623380       0.000994225  Se
  1    34      -0.000934094       0.000680429       0.001387295  Se
  2    23       0.000108050      -0.000145590      -0.016989721  V
  4     1       0.000324063      -0.000044943       0.000064336  H
  4     1      -0.000028310      -0.000137637      -0.000028859  H
  4     1       0.000040622      -0.000327664       0.000550102  H
  4     1       0.000281496      -0.000008738      -0.000165826  H
  4     1      -0.000022192      -0.000147622      -0.000055711  H
  4     1       0.000138603      -0.000274704      -0.000629454  H
  1    34       0.000624845      -0.002509816       0.014319255  Se
  1    34       0.002684970       0.000448667       0.014156278  Se
  1    34      -0.002953279       0.001676923       0.014050632  Se
  2    23      -0.001115694       0.001186830      -0.011847961  V
  1    34       0.001271388      -0.006030503       0.000547280  Se
  1    34       0.006060450       0.001573046       0.000592683  Se
  1    34      -0.006451132       0.003664072       0.000527992  Se
  2    23      -0.000884390       0.000957551      -0.000010378  V
  1    34       0.001429463      -0.007057914      -0.001433014  Se
  1    34       0.007055350       0.001968948      -0.001254195  Se
  1    34      -0.007443652       0.004197534      -0.001476757  Se
  2    23      -0.000975604       0.001020092       0.001827219  V
  1    34       0.001450273      -0.007479055      -0.000782997  Se
  1    34       0.007401838       0.002183997      -0.000536517  Se
  1    34      -0.007865983       0.004428415      -0.000751387  Se
  2    23      -0.001025026       0.001065875       0.001012747  V
  1    34       0.001485079      -0.007607064      -0.000530310  Se
  1    34       0.007496243       0.002259427      -0.000306557  Se
  1    34      -0.007955879       0.004442986      -0.000364792  Se
  2    23      -0.000972080       0.001059788      -0.000225268  V
  1    34       0.001513144      -0.007551260       0.000353242  Se
  1    34       0.007427599       0.002240710       0.000434057  Se
  1    34      -0.007945476       0.004411530       0.000457481  Se
  2    23      -0.000954527       0.001045343      -0.000890265  V
  1    34       0.001508850      -0.007477039       0.000330678  Se
  1    34       0.007369012       0.002194510       0.000292932  Se
  1    34      -0.007877673       0.004374176       0.000326838  Se
  2    23      -0.000960871       0.001045038      -0.000514250  V
  1    34       0.001506431      -0.007336337       0.000402341  Se
  1    34       0.007257838       0.002112296       0.000294350  Se
  1    34      -0.007747113       0.004321558       0.000335967  Se
  2    23      -0.000985443       0.001054282      -0.000569052  V
  1    34       0.001484308      -0.007263209       0.000406452  Se
  1    34       0.007210473       0.002088002       0.000155807  Se
  1    34      -0.007669043       0.004287238       0.000264648  Se
  2    23      -0.000990758       0.001032679      -0.000064599  V
  1    34       0.001470598      -0.007174805       0.000123110  Se
  1    34       0.007162796       0.002015055      -0.000086518  Se
  1    34      -0.007613381       0.004274102       0.000012298  Se
  2    23      -0.000976850       0.001022297       0.000028581  V
  1    34       0.001454976      -0.007159984       0.000190649  Se
  1    34       0.007163975       0.001971586       0.000063395  Se
  1    34      -0.007587862       0.004281536       0.000118900  Se
  2    23      -0.000984000       0.001034978       0.000012143  V
  1    34       0.001450475      -0.007158826      -0.000111191  Se
  1    34       0.007176626       0.001971106      -0.000068654  Se
  1    34      -0.007594542       0.004295202      -0.000084657  Se
  2    23      -0.000969836       0.001029479       0.000030345  V
  1    34       0.001463565      -0.007179774      -0.000119080  Se
  1    34       0.007175478       0.001989304       0.000065456  Se
  1    34      -0.007607427       0.004284748      -0.000032127  Se
  2    23      -0.000984361       0.001034778      -0.000144970  V
  1    34       0.001468873      -0.007227369      -0.000182234  Se
  1    34       0.007191908       0.002061692       0.000073385  Se
  1    34      -0.007642760       0.004284078      -0.000033646  Se
  2    23      -0.000983267       0.001040662       0.000044943  V
  1    34       0.001486083      -0.007288250      -0.000242777  Se
  1    34       0.007212252       0.002099120      -0.000014570  Se
  1    34      -0.007681385       0.004286058      -0.000088708  Se
  2    23      -0.000969638       0.001053666      -0.000100182  V
  1    34       0.001493785      -0.007358918      -0.000040283  Se
  1    34       0.007263952       0.002141474       0.000043527  Se
  1    34      -0.007762955       0.004324704       0.000034624  Se
  2    23      -0.000962303       0.001049659      -0.000143352  V
  1    34       0.001504771      -0.007475551       0.000691870  Se
  1    34       0.007362207       0.002197565       0.000648200  Se
  1    34      -0.007877412       0.004372611       0.000674157  Se
  2    23      -0.000957632       0.001044265       0.002149164  V
